1 0.380914 0.472600 0.031734 0.048665
1 0.490000 0.474356 0.026969 0.059016
1 0.561414 0.470703 0.049953 0.072974
1 0.704445 0.481159 0.054234 0.075761
1 0.247180 0.456218 0.027422 0.060258
1 0.813859 0.475457 0.036187 0.086979
1 0.939961 0.463232 0.024609 0.071194
1 0.965047 0.444637 0.023594 0.054941
1 0.771078 0.472436 0.029969 0.063560
1 0.747016 0.481276 0.036250 0.072951
1 0.714539 0.436557 0.074609 0.055925
1 0.714906 0.435562 0.040844 0.035808
1 0.379656 0.465398 0.036281 0.061710
1 0.701562 0.469555 0.593750 0.128806