1 0.586958 0.751359 0.068250 0.082437
1 0.604479 0.653281 0.046917 0.037719
1 0.640990 0.862836 0.074271 0.072172
1 0.507812 0.903586 0.052167 0.064953
1 0.603583 0.121500 0.163458 0.070969
1 0.459021 0.446984 0.083042 0.102375
1 0.173896 0.057539 0.045125 0.055391
1 0.296198 0.136188 0.031688 0.035313
1 0.265937 0.136898 0.026042 0.039516
1 0.221937 0.139141 0.028458 0.026687
1 0.198000 0.136797 0.025083 0.024500
1 0.168354 0.135586 0.045000 0.035859
1 0.240854 0.413281 0.157875 0.111625
1 0.431250 0.489844 0.583333 0.935937