0 0.251648 0.749414 0.164516 0.158484
0 0.921523 0.587945 0.147078 0.153016
0 0.087125 0.452359 0.077000 0.066844
0 0.237148 0.405281 0.079703 0.079719
0 0.762672 0.421102 0.123594 0.154797
0 0.907211 0.416484 0.147766 0.161562
0 0.266680 0.581273 0.125391 0.110141
0 0.245141 0.256477 0.138781 0.143703
0 0.408938 0.252156 0.147625 0.156344
0 0.748336 0.588469 0.164109 0.153313
0 0.752047 0.752375 0.158562 0.163844
0 0.570203 0.750992 0.136500 0.164859
0 0.415578 0.584172 0.165594 0.164094
0 0.571617 0.582914 0.139484 0.162609
0 0.583711 0.417969 0.166203 0.163938
0 0.916961 0.253008 0.166078 0.163641
0 0.084375 0.750781 0.168750 0.164062