1 0.725227 0.386276 0.139328 0.070492
1 0.734406 0.472225 0.147812 0.121171
1 0.142078 0.325691 0.169219 0.246183
1 0.268859 0.350457 0.178719 0.265738
1 0.267734 0.360398 0.185969 0.281780
1 0.364258 0.306733 0.170797 0.214356
1 0.361344 0.309918 0.169938 0.227705
1 0.426859 0.321920 0.314219 0.245152
1 0.568188 0.473115 0.077469 0.133349
1 0.566734 0.471909 0.074969 0.139321
1 0.493484 0.465738 0.082312 0.117190
1 0.618008 0.342014 0.097328 0.151429
1 0.641117 0.471780 0.066984 0.127073
1 0.577234 0.278653 0.056969 0.062927
1 0.428383 0.456546 0.090016 0.168126
1 0.430898 0.456569 0.089047 0.164848
1 0.190125 0.256768 0.084812 0.078501
1 0.635922 0.472869 0.076594 0.128126
1 0.595313 0.430913 0.159375 0.028103