1 0.903258 0.701805 0.188828 0.194547
1 0.903586 0.933406 0.183859 0.133187
1 0.501000 0.712773 0.195188 0.171422
1 0.904305 0.703516 0.185828 0.199313
1 0.298852 0.097172 0.039578 0.077219
1 0.674984 0.515977 0.117719 0.115609
1 0.693344 0.696000 0.130156 0.091656
1 0.891563 0.115000 0.082094 0.068687
1 0.762453 0.902820 0.077344 0.049297
1 0.683688 0.293125 0.047656 0.076125
1 0.871758 0.515102 0.044328 0.035203
1 0.518578 0.285609 0.035344 0.058469
1 0.506469 0.928555 0.162250 0.137203
1 0.478906 0.499219 0.957812 0.998437